1670795581349 22.877315521240234 0
1670795581443 22.125085830688477 1
1670795581536 21.342262268066406 2
1670795581632 20.39885711669922 3
1670795581724 19.157917022705078 4
1670795581826 17.626619338989258 5
1670795581913 16.00335121154785 6
1670795582002 14.387239456176758 7
1670795582102 12.755696296691895 8
1670795582192 10.634631156921387 9
1670795582279 8.077247619628906 10
1670795582381 6.142194747924805 11
1670795582483 5.4305419921875 12
1670795582575 4.652292728424072 13
1670795582672 3.8670520782470703 14
1670795582776 3.4056496620178223 15
1670795582868 3.154794931411743 16
1670795582960 2.9731013774871826 17
1670795583057 2.8317148685455322 18
1670795583154 2.717271327972412 19
1670795583244 2.596083879470825 20
1670795583340 2.49288010597229 21
1670795583436 2.3987784385681152 22
1670795583522 2.3144447803497314 23
1670795583610 2.2261645793914795 24
1670795583709 2.167121410369873 25
1670795583821 2.098480463027954 26
1670795583912 2.0457191467285156 27
1670795584008 2.0093929767608643 28
1670795584111 1.9732483625411987 29
1670795584202 1.958492636680603 30
1670795584292 1.92229163646698 31
1670795584377 1.91875422000885 32
1670795584474 1.9016658067703247 33
1670795584561 1.9095250368118286 34
1670795584658 1.8825527429580688 35
1670795584751 1.854259729385376 36
1670795584857 1.847303867340088 37
1670795584950 1.8443435430526733 38
1670795585047 1.8270286321640015 39
1670795585140 1.8208255767822266 40
1670795585230 1.8125554323196411 41
1670795585320 1.810124158859253 42
1670795585404 1.8102821111679077 43
1670795585496 1.78593909740448 44
1670795585580 1.7721737623214722 45
1670795585670 1.7788326740264893 46
1670795585760 1.7621440887451172 47
1670795585872 1.753240942955017 48
1670795585981 1.7638415098190308 49
1670795586068 1.7390515804290771 50
1670795586165 1.7324787378311157 51
1670795586264 1.7434884309768677 52
1670795586359 1.7224692106246948 53
1670795586450 1.7212620973587036 54
1670795586547 1.7278605699539185 55
1670795586630 1.7174310684204102 56
1670795586711 1.7004334926605225 57
1670795586792 1.7515907287597656 58
1670795586892 1.7633062601089478 59
1670795586992 1.7026872634887695 60
1670795587149 1.7079352140426636 61
1670795587276 1.6774470806121826 62
1670795587376 1.6712536811828613 63
1670795587466 1.669144630432129 64
1670795587566 1.6709182262420654 65
1670795587647 1.6656979322433472 66
1670795587742 1.6588729619979858 67
1670795587836 1.655863881111145 68
1670795587928 1.648719072341919 69
1670795588023 1.6424046754837036 70
1670795588117 1.6472413539886475 71
1670795588213 1.648112177848816 72
1670795588300 1.6295311450958252 73
1670795588400 1.6510131359100342 74
1670795588496 1.6269381046295166 75
1670795588582 1.634529709815979 76
1670795588672 1.618181586265564 77
1670795588775 1.6297330856323242 78
1670795588877 1.6364870071411133 79
1670795588987 1.641966462135315 80
1670795589085 1.641686201095581 81
1670795589172 1.6182094812393188 82
1670795589267 1.6034886837005615 83
1670795589354 1.622896671295166 84
1670795589440 1.6157704591751099 85
1670795589532 1.6049236059188843 86
1670795589636 1.612864375114441 87
1670795589723 1.5936487913131714 88
1670795589809 1.6417211294174194 89
1670795589911 1.598764419555664 90
1670795590004 1.6081286668777466 91
1670795590102 1.6289548873901367 92
1670795590186 1.5955702066421509 93
1670795590283 1.5726916790008545 94
1670795590401 1.5786311626434326 95
1670795590493 1.5857831239700317 96
1670795590589 1.5963977575302124 97
1670795590682 1.606946349143982 98
1670795590785 1.6068528890609741 99
