1672283857514 23.110042572021484 0
1672283857609 22.896577835083008 1
1672283857695 22.673063278198242 2
1672283857780 22.38505744934082 3
1672283857869 22.055208206176758 4
1672283857970 21.624649047851562 5
1672283858053 21.04465103149414 6
1672283858141 20.30803108215332 7
1672283858229 19.478153228759766 8
1672283858309 18.378307342529297 9
1672283858398 17.235763549804688 10
1672283858486 15.942811012268066 11
1672283858580 14.616601943969727 12
1672283858669 13.292970657348633 13
1672283858759 11.991043090820312 14
1672283858853 10.583410263061523 15
1672283858946 9.208333015441895 16
1672283859039 8.077497482299805 17
1672283859128 7.052367687225342 18
1672283859222 6.215117454528809 19
1672283859311 5.577581882476807 20
1672283859399 5.035589694976807 21
1672283859496 4.493983268737793 22
1672283859585 4.160562038421631 23
1672283859679 3.9178922176361084 24
1672283859762 3.767184257507324 25
1672283859846 3.7136125564575195 26
1672283859930 3.6204123497009277 27
1672283860018 3.5504820346832275 28
1672283860111 3.501816987991333 29
1672283860194 3.4568395614624023 30
1672283860279 3.4122507572174072 31
1672283860365 3.359553337097168 32
1672283860462 3.3205389976501465 33
1672283860546 3.295858144760132 34
1672283860635 3.3172178268432617 35
1672283860731 3.255363941192627 36
1672283860821 3.2092270851135254 37
1672283860903 3.2254106998443604 38
1672283860988 3.170072078704834 39
1672283861075 3.2163338661193848 40
1672283861165 3.2285873889923096 41
1672283861250 3.159583568572998 42
1672283861338 3.1057546138763428 43
1672283861415 3.07055926322937 44
1672283861498 3.0491979122161865 45
1672283861585 3.083448886871338 46
1672283861678 3.028890371322632 47
1672283861754 3.0192043781280518 48
1672283861831 2.9989142417907715 49
1672283861933 3.0148427486419678 50
1672283862014 2.987199306488037 51
1672283862090 2.950355291366577 52
1672283862166 2.9493093490600586 53
1672283862248 2.9316136837005615 54
1672283862333 2.9034948348999023 55
1672283862409 2.8900046348571777 56
1672283862517 2.872239112854004 57
1672283862623 2.855604887008667 58
1672283862736 2.842033624649048 59
1672283862813 2.870987892150879 60
1672283862892 2.8576314449310303 61
1672283862972 2.8411686420440674 62
1672283863054 2.8275845050811768 63
1672283863132 2.781951665878296 64
1672283863209 2.7720658779144287 65
1672283863289 2.77224063873291 66
1672283863375 2.7586238384246826 67
1672283863458 2.769894599914551 68
1672283863537 2.7469568252563477 69
1672283863622 2.7108278274536133 70
1672283863709 2.711071729660034 71
1672283863792 2.732774019241333 72
1672283863870 2.71030855178833 73
1672283863955 2.6775107383728027 74
1672283864037 2.670391321182251 75
1672283864118 2.689011573791504 76
1672283864194 2.6915535926818848 77
1672283864282 2.636660575866699 78
1672283864355 2.6677958965301514 79
1672283864441 2.648301839828491 80
1672283864524 2.6248724460601807 81
1672283864601 2.648365020751953 82
1672283864700 2.6116573810577393 83
1672283864792 2.6088755130767822 84
1672283864873 2.581726312637329 85
1672283864959 2.5364608764648438 86
1672283865058 2.530357837677002 87
1672283865137 2.560084819793701 88
1672283865210 2.5523593425750732 89
1672283865294 2.531224489212036 90
1672283865380 2.541835069656372 91
1672283865468 2.531754732131958 92
1672283865545 2.5433568954467773 93
1672283865622 2.482604503631592 94
1672283865702 2.4711427688598633 95
1672283865790 2.457951784133911 96
1672283865867 2.4796934127807617 97
1672283865947 2.5003905296325684 98
1672283866035 2.5119614601135254 99
