1672283973139 23.103113174438477 0
1672283973228 22.591703414916992 1
1672283973313 22.0517635345459 2
1672283973399 21.384660720825195 3
1672283973483 20.571117401123047 4
1672283973582 19.54835319519043 5
1672283973680 18.248321533203125 6
1672283973779 16.628936767578125 7
1672283973870 14.671335220336914 8
1672283973969 12.265542030334473 9
1672283974061 9.487139701843262 10
1672283974154 6.8940348625183105 11
1672283974256 4.762123107910156 12
1672283974348 2.992351531982422 13
1672283974438 2.580281972885132 14
1672283974541 2.488077402114868 15
1672283974636 2.3683793544769287 16
1672283974720 2.2580180168151855 17
1672283974821 2.302053928375244 18
1672283974905 2.2103352546691895 19
1672283974999 2.1732919216156006 20
1672283975079 2.161301851272583 21
1672283975161 2.12621808052063 22
1672283975239 2.1061127185821533 23
1672283975324 2.100831985473633 24
1672283975406 2.078587055206299 25
1672283975488 2.10211443901062 26
1672283975571 2.106489896774292 27
1672283975657 2.085310935974121 28
1672283975745 2.070699453353882 29
1672283975828 2.0609071254730225 30
1672283975915 2.06956148147583 31
1672283976003 2.035921573638916 32
1672283976090 2.0694210529327393 33
1672283976177 2.045954942703247 34
1672283976271 2.0391416549682617 35
1672283976352 2.0441699028015137 36
1672283976433 2.0478029251098633 37
1672283976520 2.0470595359802246 38
1672283976605 2.0050208568573 39
1672283976689 2.0042049884796143 40
1672283976770 2.0282938480377197 41
1672283976848 2.0068345069885254 42
1672283976927 1.9627493619918823 43
1672283977009 1.9764153957366943 44
1672283977087 1.962373971939087 45
1672283977165 1.9470877647399902 46
1672283977244 1.9607337713241577 47
1672283977321 1.9708566665649414 48
1672283977401 1.9345433712005615 49
1672283977477 1.9378106594085693 50
1672283977558 1.9298146963119507 51
1672283977640 1.9279128313064575 52
1672283977720 1.9258593320846558 53
1672283977798 1.9355937242507935 54
1672283977884 1.9244747161865234 55
1672283977963 1.9317156076431274 56
1672283978040 1.9545663595199585 57
1672283978119 1.9022756814956665 58
1672283978201 1.9230234622955322 59
1672283978282 1.8859615325927734 60
1672283978357 1.9238730669021606 61
1672283978438 1.9256271123886108 62
1672283978522 1.9023215770721436 63
1672283978609 1.9625983238220215 64
1672283978689 1.9821780920028687 65
1672283978768 1.8888654708862305 66
1672283978848 1.8905833959579468 67
1672283978941 1.86845064163208 68
1672283979022 1.9092706441879272 69
1672283979104 1.9014263153076172 70
1672283979181 1.8581496477127075 71
1672283979273 1.8806343078613281 72
1672283979354 1.841707706451416 73
1672283979429 1.9099359512329102 74
1672283979509 1.8743257522583008 75
1672283979588 1.8668471574783325 76
1672283979670 1.885298728942871 77
1672283979745 1.8804240226745605 78
1672283979824 1.887243390083313 79
1672283979906 1.862717866897583 80
1672283979984 1.8665581941604614 81
1672283980058 1.8342781066894531 82
1672283980137 1.9008796215057373 83
1672283980213 1.858213186264038 84
1672283980291 1.844234585762024 85
1672283980373 1.8245739936828613 86
1672283980450 1.8284995555877686 87
1672283980528 1.8216882944107056 88
1672283980620 1.8514533042907715 89
1672283980704 1.8255637884140015 90
1672283980789 1.8099676370620728 91
1672283980869 1.8559590578079224 92
1672283980949 1.852113962173462 93
1672283981043 1.8518205881118774 94
1672283981120 1.8907071352005005 95
1672283981202 1.8229832649230957 96
1672283981283 1.8489527702331543 97
1672283981364 1.7937877178192139 98
1672283981448 1.7859801054000854 99
