1670905332938 22.984416961669922 0
1670905333017 22.09998893737793 1
1670905333104 21.277835845947266 2
1670905333207 20.45439338684082 3
1670905333301 19.624065399169922 4
1670905333387 18.80887794494629 5
1670905333475 17.992286682128906 6
1670905333555 17.175617218017578 7
1670905333659 16.34588623046875 8
1670905333761 15.572437286376953 9
1670905333842 14.708616256713867 10
1670905333932 13.914054870605469 11
1670905334014 13.054607391357422 12
1670905334120 12.260866165161133 13
1670905334209 11.45592975616455 14
1670905334305 10.65163516998291 15
1670905334399 9.841076850891113 16
1670905334497 9.097857475280762 17
1670905334591 8.331202507019043 18
1670905334671 7.640089511871338 19
1670905334752 6.935916423797607 20
1670905334837 6.315220832824707 21
1670905334926 5.788202285766602 22
1670905335018 5.327457904815674 23
1670905335112 4.828084945678711 24
1670905335203 4.433743953704834 25
1670905335282 3.9511630535125732 26
1670905335363 3.531200408935547 27
1670905335455 3.1883740425109863 28
1670905335544 2.9351179599761963 29
1670905335634 2.781156539916992 30
1670905335720 2.685429096221924 31
1670905335803 2.592897891998291 32
1670905335884 2.5486021041870117 33
1670905335958 2.5393717288970947 34
1670905336040 2.5399112701416016 35
1670905336141 2.518819808959961 36
1670905336242 2.4982829093933105 37
1670905336335 2.484482526779175 38
1670905336427 2.500821828842163 39
1670905336533 2.5074429512023926 40
1670905336618 2.485773801803589 41
1670905336707 2.48783016204834 42
1670905336809 2.483163595199585 43
1670905336958 2.48557710647583 44
1670905337070 2.4726204872131348 45
1670905337181 2.4768824577331543 46
1670905337265 2.4794435501098633 47
1670905337343 2.472151756286621 48
1670905337443 2.4744975566864014 49
1670905337535 2.469825267791748 50
1670905337613 2.4822287559509277 51
1670905337688 2.481515407562256 52
1670905337764 2.468949556350708 53
1670905337860 2.4736292362213135 54
1670905337956 2.469794511795044 55
1670905338053 2.4704432487487793 56
1670905338138 2.4700734615325928 57
1670905338228 2.4759109020233154 58
1670905338317 2.4716739654541016 59
1670905338398 2.4909589290618896 60
1670905338479 2.4823830127716064 61
1670905338569 2.4918911457061768 62
1670905338654 2.4823200702667236 63
1670905338763 2.4733481407165527 64
1670905338887 2.474646806716919 65
1670905338992 2.4740443229675293 66
1670905339097 2.4713480472564697 67
1670905339200 2.4795186519622803 68
1670905339297 2.457083225250244 69
1670905339379 2.4911978244781494 70
1670905339471 2.4801015853881836 71
1670905339563 2.5320239067077637 72
1670905339659 2.4686148166656494 73
1670905339750 2.4735584259033203 74
1670905339831 2.514754295349121 75
1670905339909 2.4922492504119873 76
1670905339988 2.478034734725952 77
1670905340062 2.534437656402588 78
1670905340144 2.5677971839904785 79
1670905340226 2.5215606689453125 80
1670905340306 2.478482246398926 81
1670905340387 2.4731357097625732 82
1670905340468 2.4932432174682617 83
1670905340547 2.4727020263671875 84
1670905340629 2.4651284217834473 85
1670905340712 2.4790334701538086 86
1670905340789 2.474553108215332 87
1670905340869 2.47664475440979 88
1670905340962 2.4710562229156494 89
1670905341039 2.4777321815490723 90
1670905341118 2.4775850772857666 91
1670905341206 2.471057415008545 92
1670905341286 2.4727091789245605 93
1670905341364 2.4854774475097656 94
1670905341449 2.4728798866271973 95
1670905341533 2.4925591945648193 96
1670905341619 2.4862539768218994 97
1670905341695 2.487696647644043 98
1670905341780 2.4708261489868164 99
