1672283408963 1.5987097024917603 0
1672283409056 1.602075219154358 1
1672283409144 1.6284878253936768 2
1672283409234 1.6100730895996094 3
1672283409322 1.5903582572937012 4
1672283409410 1.5922874212265015 5
1672283409502 1.5977356433868408 6
1672283409600 1.596698522567749 7
1672283409684 1.5841602087020874 8
1672283409775 1.59382963180542 9
1672283409860 1.576417088508606 10
1672283409951 1.5918586254119873 11
1672283410028 1.5809766054153442 12
1672283410105 1.5688588619232178 13
1672283410192 1.5764883756637573 14
1672283410281 1.5769932270050049 15
1672283410365 1.5852718353271484 16
1672283410449 1.5921900272369385 17
1672283410530 1.6813020706176758 18
1672283410609 1.5710790157318115 19
1672283410706 1.615132451057434 20
1672283410798 1.5584995746612549 21
1672283410888 1.5618075132369995 22
1672283410998 1.5525022745132446 23
1672283411095 1.5878218412399292 24
1672283411182 1.564082384109497 25
1672283411261 1.543367624282837 26
1672283411344 1.5564161539077759 27
1672283411430 1.5572497844696045 28
1672283411522 1.5459446907043457 29
1672283411604 1.5378544330596924 30
1672283411684 1.5457621812820435 31
1672283411760 1.5423160791397095 32
1672283411844 1.5310325622558594 33
1672283411939 1.5365111827850342 34
1672283412025 1.5323100090026855 35
1672283412104 1.528285264968872 36
1672283412181 1.5364309549331665 37
1672283412262 1.5381355285644531 38
1672283412351 1.5224791765213013 39
1672283412433 1.547419548034668 40
1672283412513 1.5216840505599976 41
1672283412591 1.5134201049804688 42
1672283412689 1.5065374374389648 43
1672283412790 1.534313678741455 44
1672283412887 1.5367757081985474 45
1672283412985 1.5189085006713867 46
1672283413079 1.5397523641586304 47
1672283413160 1.5405993461608887 48
1672283413279 1.5281412601470947 49
1672283413378 1.5326967239379883 50
1672283413455 1.5420050621032715 51
1672283413531 1.497685432434082 52
1672283413610 1.5324386358261108 53
1672283413695 1.5158100128173828 54
1672283413779 1.526675820350647 55
1672283413855 1.5300260782241821 56
1672283413936 1.5279936790466309 57
1672283414019 1.50819730758667 58
1672283414102 1.5065562725067139 59
1672283414181 1.5070788860321045 60
1672283414260 1.4988447427749634 61
1672283414342 1.497074007987976 62
1672283414422 1.486609697341919 63
1672283414503 1.5007511377334595 64
1672283414585 1.4933406114578247 65
1672283414686 1.48892080783844 66
1672283414780 1.4908019304275513 67
1672283414873 1.479388952255249 68
1672283414963 1.4803787469863892 69
1672283415052 1.5210309028625488 70
1672283415133 1.5350453853607178 71
1672283415211 1.5508888959884644 72
1672283415291 1.5011539459228516 73
1672283415367 1.5300427675247192 74
1672283415451 1.4897323846817017 75
1672283415533 1.4751940965652466 76
1672283415616 1.4885107278823853 77
1672283415696 1.4702624082565308 78
1672283415783 1.4766792058944702 79
1672283415860 1.458188772201538 80
1672283415952 1.4594602584838867 81
1672283416031 1.4843165874481201 82
1672283416115 1.482680320739746 83
1672283416199 1.4737818241119385 84
1672283416284 1.4673513174057007 85
1672283416368 1.4716836214065552 86
1672283416453 1.4543511867523193 87
1672283416539 1.4617549180984497 88
1672283416620 1.4533519744873047 89
1672283416704 1.4717849493026733 90
1672283416781 1.4798351526260376 91
1672283416859 1.440658450126648 92
1672283416938 1.4540337324142456 93
1672283417016 1.4700672626495361 94
1672283417096 1.441877007484436 95
1672283417172 1.4433581829071045 96
1672283417252 1.452965497970581 97
1672283417331 1.4475977420806885 98
1672283417414 1.485985517501831 99
