1672285625743 22.90578269958496 0
1672285625826 22.05760383605957 1
1672285625907 21.244876861572266 2
1672285625990 20.4689998626709 3
1672285626071 19.594501495361328 4
1672285626146 18.793170928955078 5
1672285626226 17.965700149536133 6
1672285626315 17.159799575805664 7
1672285626398 16.32823371887207 8
1672285626478 15.516741752624512 9
1672285626560 14.69093132019043 10
1672285626642 13.886117935180664 11
1672285626716 13.091001510620117 12
1672285626793 12.298686027526855 13
1672285626873 11.501420974731445 14
1672285626953 10.702475547790527 15
1672285627035 9.926470756530762 16
1672285627115 9.136773109436035 17
1672285627195 8.403074264526367 18
1672285627277 7.636764049530029 19
1672285627372 6.952212810516357 20
1672285627446 6.355542182922363 21
1672285627525 5.778813362121582 22
1672285627604 5.230800628662109 23
1672285627681 4.782016277313232 24
1672285627760 4.386887550354004 25
1672285627837 3.846327304840088 26
1672285627924 3.4293105602264404 27
1672285628005 3.0895302295684814 28
1672285628095 2.8979640007019043 29
1672285628171 2.748701333999634 30
1672285628252 2.664138078689575 31
1672285628334 2.6047637462615967 32
1672285628413 2.5434389114379883 33
1672285628490 2.5202877521514893 34
1672285628568 2.5207552909851074 35
1672285628656 2.4976344108581543 36
1672285628735 2.4964559078216553 37
1672285628814 2.5198662281036377 38
1672285628890 2.495574712753296 39
1672285628971 2.4939515590667725 40
1672285629050 2.4774329662323 41
1672285629131 2.497157573699951 42
1672285629209 2.4945735931396484 43
1672285629285 2.5089473724365234 44
1672285629378 2.485748529434204 45
1672285629452 2.4905292987823486 46
1672285629530 2.492643117904663 47
1672285629608 2.4738144874572754 48
1672285629686 2.4744365215301514 49
1672285629760 2.4681949615478516 50
1672285629835 2.4771718978881836 51
1672285629913 2.4776968955993652 52
1672285629990 2.4656312465667725 53
1672285630068 2.4717228412628174 54
1672285630158 2.4957761764526367 55
1672285630235 2.5054407119750977 56
1672285630313 2.4826433658599854 57
1672285630409 2.4725818634033203 58
1672285630485 2.469456434249878 59
1672285630573 2.4754838943481445 60
1672285630653 2.4704806804656982 61
1672285630737 2.491321325302124 62
1672285630813 2.5064265727996826 63
1672285630891 2.4804608821868896 64
1672285630974 2.4763431549072266 65
1672285631099 2.4767229557037354 66
1672285631253 2.4737820625305176 67
1672285631373 2.4651308059692383 68
1672285631455 2.4979984760284424 69
1672285631535 2.485731363296509 70
1672285631636 2.469189167022705 71
1672285631720 2.469102144241333 72
1672285631806 2.4746172428131104 73
1672285631887 2.495657444000244 74
1672285631975 2.519512414932251 75
1672285632054 2.477968215942383 76
1672285632136 2.475224733352661 77
1672285632217 2.520554542541504 78
1672285632304 2.481321096420288 79
1672285632380 2.5047292709350586 80
1672285632461 2.476914882659912 81
1672285632541 2.486564874649048 82
1672285632619 2.4755334854125977 83
1672285632696 2.4692349433898926 84
1672285632773 2.461110830307007 85
1672285632853 2.4755442142486572 86
1672285632942 2.463695764541626 87
1672285633020 2.4665892124176025 88
1672285633105 2.4731504917144775 89
1672285633184 2.532761573791504 90
1672285633268 2.5321710109710693 91
1672285633342 2.5216081142425537 92
1672285633431 2.5127391815185547 93
1672285633509 2.490070104598999 94
1672285633589 2.4979381561279297 95
1672285633667 2.5361475944519043 96
1672285633744 2.488952159881592 97
1672285633830 2.4766077995300293 98
1672285633912 2.4658846855163574 99
