1672283437513 1.4751808643341064 0
1672283437597 1.4527398347854614 1
1672283437688 1.435250163078308 2
1672283437772 1.4307167530059814 3
1672283437856 1.433508038520813 4
1672283437952 1.4238017797470093 5
1672283438040 1.4306787252426147 6
1672283438130 1.4498639106750488 7
1672283438216 1.4420952796936035 8
1672283438310 1.4460545778274536 9
1672283438399 1.4092634916305542 10
1672283438478 1.4198617935180664 11
1672283438583 1.4220017194747925 12
1672283438685 1.4174107313156128 13
1672283438793 1.4322147369384766 14
1672283438875 1.4574010372161865 15
1672283438962 1.4410346746444702 16
1672283439041 1.416463017463684 17
1672283439128 1.4361109733581543 18
1672283439214 1.4347776174545288 19
1672283439313 1.4526002407073975 20
1672283439389 1.4069103002548218 21
1672283439479 1.4090244770050049 22
1672283439578 1.4146174192428589 23
1672283439681 1.4041520357131958 24
1672283439777 1.4088797569274902 25
1672283439855 1.4379377365112305 26
1672283439934 1.506455421447754 27
1672283440018 1.4211243391036987 28
1672283440103 1.4591346979141235 29
1672283440179 1.4176219701766968 30
1672283440267 1.410091519355774 31
1672283440347 1.3938957452774048 32
1672283440428 1.3889809846878052 33
1672283440508 1.3932188749313354 34
1672283440591 1.3895559310913086 35
1672283440678 1.3848146200180054 36
1672283440758 1.4030699729919434 37
1672283440842 1.4172190427780151 38
1672283440925 1.3921257257461548 39
1672283441008 1.4078727960586548 40
1672283441087 1.4307842254638672 41
1672283441170 1.443901538848877 42
1672283441250 1.4353278875350952 43
1672283441330 1.4446420669555664 44
1672283441406 1.408259630203247 45
1672283441490 1.4080007076263428 46
1672283441571 1.3785415887832642 47
1672283441649 1.4029093980789185 48
1672283441730 1.3876267671585083 49
1672283441809 1.3916712999343872 50
1672283441909 1.3901309967041016 51
1672283442006 1.3873695135116577 52
1672283442088 1.3897767066955566 53
1672283442174 1.3733726739883423 54
1672283442253 1.3618812561035156 55
1672283442334 1.3723783493041992 56
1672283442415 1.3873299360275269 57
1672283442495 1.375522494316101 58
1672283442573 1.383893609046936 59
1672283442653 1.3722699880599976 60
1672283442735 1.3871948719024658 61
1672283442813 1.3670353889465332 62
1672283442892 1.3883047103881836 63
1672283442975 1.395209789276123 64
1672283443053 1.3603062629699707 65
1672283443134 1.3553386926651 66
1672283443214 1.3673495054244995 67
1672283443308 1.3582812547683716 68
1672283443385 1.3669379949569702 69
1672283443464 1.3621094226837158 70
1672283443544 1.3801813125610352 71
1672283443622 1.3688557147979736 72
1672283443704 1.3650163412094116 73
1672283443787 1.3481653928756714 74
1672283443869 1.4081170558929443 75
1672283443957 1.3859055042266846 76
1672283444036 1.3813308477401733 77
1672283444118 1.4023774862289429 78
1672283444194 1.3642078638076782 79
1672283444285 1.4204022884368896 80
1672283444363 1.4089006185531616 81
1672283444441 1.376183271408081 82
1672283444520 1.3879976272583008 83
1672283444600 1.3918267488479614 84
1672283444677 1.3436394929885864 85
1672283444756 1.3405050039291382 86
1672283444837 1.3563010692596436 87
1672283444923 1.353346586227417 88
1672283445013 1.3525336980819702 89
1672283445097 1.3472065925598145 90
1672283445175 1.3907585144042969 91
1672283445261 1.3518776893615723 92
1672283445344 1.3225364685058594 93
1672283445425 1.3706644773483276 94
1672283445505 1.3411266803741455 95
1672283445590 1.3611760139465332 96
1672283445669 1.3597897291183472 97
1672283445748 1.3456947803497314 98
1672283445824 1.3310153484344482 99
