1670905394227 22.84501075744629 0
1670905394320 22.129474639892578 1
1670905394406 21.33928108215332 2
1670905394519 20.39059829711914 3
1670905394625 19.196508407592773 4
1670905394722 17.697954177856445 5
1670905394824 15.9883394241333 6
1670905394929 14.37095832824707 7
1670905395021 12.465182304382324 8
1670905395109 10.09975528717041 9
1670905395203 7.432093143463135 10
1670905395299 5.487727642059326 11
1670905395389 4.746462821960449 12
1670905395473 4.046091079711914 13
1670905395554 3.5282082557678223 14
1670905395643 3.226346492767334 15
1670905395724 2.996957540512085 16
1670905395806 2.817561388015747 17
1670905395893 2.635331869125366 18
1670905395976 2.4807727336883545 19
1670905396058 2.356715202331543 20
1670905396148 2.254286527633667 21
1670905396232 2.179868459701538 22
1670905396324 2.1204864978790283 23
1670905396415 2.074742078781128 24
1670905396502 2.0468294620513916 25
1670905396588 2.0110392570495605 26
1670905396678 1.993600606918335 27
1670905396762 1.9841814041137695 28
1670905396846 1.968301773071289 29
1670905396932 1.9281878471374512 30
1670905397016 1.9436781406402588 31
1670905397107 1.917310118675232 32
1670905397188 1.9176499843597412 33
1670905397269 1.912672758102417 34
1670905397359 1.8996200561523438 35
1670905397445 1.8879611492156982 36
1670905397531 1.866679072380066 37
1670905397624 1.8655184507369995 38
1670905397714 1.8725364208221436 39
1670905397800 1.8548301458358765 40
1670905397892 1.8406187295913696 41
1670905397985 1.837817907333374 42
1670905398070 1.8302865028381348 43
1670905398156 1.825081706047058 44
1670905398251 1.8172640800476074 45
1670905398339 1.840396523475647 46
1670905398422 1.8633809089660645 47
1670905398512 1.8083997964859009 48
1670905398594 1.8161166906356812 49
1670905398680 1.8270249366760254 50
1670905398768 1.7780702114105225 51
1670905398849 1.792077898979187 52
1670905398930 1.7819089889526367 53
1670905399016 1.7960107326507568 54
1670905399097 1.7891619205474854 55
1670905399177 1.7675501108169556 56
1670905399258 1.7546156644821167 57
1670905399352 1.7545348405838013 58
1670905399434 1.7508490085601807 59
1670905399521 1.7647415399551392 60
1670905399610 1.7444262504577637 61
1670905399701 1.7424381971359253 62
1670905399784 1.748882532119751 63
1670905399873 1.7273471355438232 64
1670905399955 1.742919921875 65
1670905400043 1.725160002708435 66
1670905400132 1.7152348756790161 67
1670905400215 1.7206788063049316 68
1670905400301 1.7121117115020752 69
1670905400388 1.711694359779358 70
1670905400470 1.7117254734039307 71
1670905400555 1.7109017372131348 72
1670905400636 1.7196952104568481 73
1670905400724 1.713602066040039 74
1670905400805 1.6841868162155151 75
1670905400888 1.6901445388793945 76
1670905400975 1.6868839263916016 77
1670905401070 1.6886482238769531 78
1670905401149 1.683969497680664 79
1670905401236 1.6727001667022705 80
1670905401334 1.6896719932556152 81
1670905401419 1.6820244789123535 82
1670905401511 1.6622450351715088 83
1670905401591 1.6586153507232666 84
1670905401677 1.6609296798706055 85
1670905401770 1.6569372415542603 86
1670905401856 1.6571348905563354 87
1670905401939 1.673111081123352 88
1670905402034 1.6575169563293457 89
1670905402117 1.6501320600509644 90
1670905402199 1.662911295890808 91
1670905402304 1.6741749048233032 92
1670905402424 1.6639679670333862 93
1670905402508 1.6763842105865479 94
1670905402596 1.6565096378326416 95
1670905402680 1.6796867847442627 96
1670905402766 1.684701919555664 97
1670905402848 1.6582019329071045 98
1670905402933 1.6413073539733887 99
