1672285678550 22.63050079345703 0
1672285678640 21.867778778076172 1
1672285678735 20.989238739013672 2
1672285678827 19.88234519958496 3
1672285678924 18.44670867919922 4
1672285679030 16.60466957092285 5
1672285679115 14.560311317443848 6
1672285679202 12.414237976074219 7
1672285679305 10.125078201293945 8
1672285679388 7.6816511154174805 9
1672285679470 5.888365268707275 10
1672285679578 5.129505157470703 11
1672285679684 4.383251667022705 12
1672285679769 3.6704440116882324 13
1672285679856 3.3662240505218506 14
1672285679946 3.1462087631225586 15
1672285680035 2.9968795776367188 16
1672285680133 2.8854689598083496 17
1672285680211 2.7658939361572266 18
1672285680294 2.6479036808013916 19
1672285680379 2.5399158000946045 20
1672285680458 2.4448659420013428 21
1672285680563 2.3636956214904785 22
1672285680655 2.2927982807159424 23
1672285680742 2.2438390254974365 24
1672285680836 2.189683198928833 25
1672285680918 2.145538568496704 26
1672285681007 2.098175525665283 27
1672285681089 2.073049545288086 28
1672285681176 2.044448137283325 29
1672285681255 2.0276942253112793 30
1672285681340 2.024531364440918 31
1672285681431 1.984703779220581 32
1672285681523 1.9878171682357788 33
1672285681649 1.9532533884048462 34
1672285681735 1.9364992380142212 35
1672285681825 1.9390438795089722 36
1672285681914 1.9204615354537964 37
1672285682002 1.9075087308883667 38
1672285682081 1.9005967378616333 39
1672285682160 1.893028736114502 40
1672285682242 1.8805063962936401 41
1672285682320 1.8751579523086548 42
1672285682405 1.856809377670288 43
1672285682485 1.8504186868667603 44
1672285682574 1.836409330368042 45
1672285682664 1.8309115171432495 46
1672285682746 1.820949673652649 47
1672285682827 1.8364293575286865 48
1672285682907 1.8258631229400635 49
1672285682988 1.8359533548355103 50
1672285683080 1.8112519979476929 51
1672285683192 1.8217610120773315 52
1672285683299 1.7846840620040894 53
1672285683391 1.802480697631836 54
1672285683474 1.773919939994812 55
1672285683563 1.7710981369018555 56
1672285683645 1.76645028591156 57
1672285683729 1.7476648092269897 58
1672285683809 1.75570809841156 59
1672285683893 1.7428098917007446 60
1672285683982 1.73934805393219 61
1672285684069 1.7480274438858032 62
1672285684152 1.7461161613464355 63
1672285684232 1.7423489093780518 64
1672285684317 1.7242367267608643 65
1672285684402 1.7318381071090698 66
1672285684492 1.744032382965088 67
1672285684582 1.7120742797851562 68
1672285684664 1.7233015298843384 69
1672285684758 1.7187151908874512 70
1672285684842 1.6991151571273804 71
1672285684935 1.6923301219940186 72
1672285685019 1.7108098268508911 73
1672285685099 1.699776291847229 74
1672285685179 1.6973130702972412 75
1672285685262 1.7075035572052002 76
1672285685344 1.6687843799591064 77
1672285685429 1.681166172027588 78
1672285685518 1.676560401916504 79
1672285685601 1.6652578115463257 80
1672285685694 1.6694622039794922 81
1672285685802 1.6586135625839233 82
1672285685911 1.6573870182037354 83
1672285685993 1.6474674940109253 84
1672285686083 1.6467798948287964 85
1672285686163 1.657639980316162 86
1672285686246 1.640974760055542 87
1672285686339 1.6521271467208862 88
1672285686423 1.6375502347946167 89
1672285686507 1.6429237127304077 90
1672285686592 1.6229708194732666 91
1672285686673 1.6370056867599487 92
1672285686758 1.6420621871948242 93
1672285686849 1.6127287149429321 94
1672285686945 1.6333861351013184 95
1672285687035 1.6290618181228638 96
1672285687120 1.6352251768112183 97
1672285687206 1.6344995498657227 98
1672285687310 1.606682538986206 99
