1672283564833 1.339246153831482 0
1672283564928 1.3513965606689453 1
1672283565048 1.3620606660842896 2
1672283565140 1.3630702495574951 3
1672283565224 1.3559705018997192 4
1672283565314 1.3299214839935303 5
1672283565411 1.330005168914795 6
1672283565496 1.3378108739852905 7
1672283565579 1.3493058681488037 8
1672283565683 1.332313060760498 9
1672283565772 1.3475545644760132 10
1672283565854 1.3533369302749634 11
1672283565960 1.3257025480270386 12
1672283566077 1.32179594039917 13
1672283566176 1.3151344060897827 14
1672283566266 1.3241307735443115 15
1672283566346 1.3099124431610107 16
1672283566440 1.3253114223480225 17
1672283566525 1.322525978088379 18
1672283566607 1.301296591758728 19
1672283566701 1.3030667304992676 20
1672283566791 1.3120685815811157 21
1672283566873 1.3124345541000366 22
1672283566957 1.3277992010116577 23
1672283567041 1.2964459657669067 24
1672283567123 1.3115934133529663 25
1672283567202 1.302139401435852 26
1672283567280 1.2927579879760742 27
1672283567369 1.311082124710083 28
1672283567449 1.3462446928024292 29
1672283567529 1.341659665107727 30
1672283567611 1.3086503744125366 31
1672283567689 1.3165348768234253 32
1672283567769 1.3237957954406738 33
1672283567854 1.3109774589538574 34
1672283567935 1.3000049591064453 35
1672283568017 1.307773232460022 36
1672283568100 1.2836793661117554 37
1672283568181 1.2914732694625854 38
1672283568259 1.2853206396102905 39
1672283568338 1.2966171503067017 40
1672283568422 1.3113516569137573 41
1672283568504 1.2984732389450073 42
1672283568585 1.2861744165420532 43
1672283568668 1.2917753458023071 44
1672283568759 1.2978814840316772 45
1672283568850 1.2985005378723145 46
1672283568938 1.3131111860275269 47
1672283569025 1.2962775230407715 48
1672283569116 1.3135111331939697 49
1672283569207 1.2934553623199463 50
1672283569303 1.3173574209213257 51
1672283569395 1.2965337038040161 52
1672283569495 1.3542448282241821 53
1672283569589 1.3055497407913208 54
1672283569681 1.2800977230072021 55
1672283569765 1.2837685346603394 56
1672283569855 1.2753050327301025 57
1672283569938 1.3000514507293701 58
1672283570022 1.2901101112365723 59
1672283570106 1.2924593687057495 60
1672283570189 1.2690613269805908 61
1672283570269 1.2747712135314941 62
1672283570359 1.282700777053833 63
1672283570450 1.2678290605545044 64
1672283570545 1.278363823890686 65
1672283570626 1.2742000818252563 66
1672283570712 1.2803035974502563 67
1672283570814 1.2664566040039062 68
1672283570901 1.2728463411331177 69
1672283570989 1.288926601409912 70
1672283571077 1.2802600860595703 71
1672283571160 1.299804449081421 72
1672283571246 1.2782505750656128 73
1672283571332 1.2596845626831055 74
1672283571416 1.2825616598129272 75
1672283571506 1.2813143730163574 76
1672283571592 1.289001703262329 77
1672283571680 1.297108769416809 78
1672283571764 1.2814172506332397 79
1672283571853 1.2698053121566772 80
1672283571945 1.2982639074325562 81
1672283572036 1.2886320352554321 82
1672283572120 1.2586368322372437 83
1672283572205 1.2498070001602173 84
1672283572285 1.2839102745056152 85
1672283572370 1.2838417291641235 86
1672283572455 1.2781572341918945 87
1672283572544 1.2579448223114014 88
1672283572632 1.2903428077697754 89
1672283572720 1.2715833187103271 90
1672283572810 1.2825219631195068 91
1672283572898 1.2685563564300537 92
1672283572982 1.2577552795410156 93
1672283573068 1.25277841091156 94
1672283573153 1.2505006790161133 95
1672283573239 1.2740342617034912 96
1672283573326 1.2455440759658813 97
1672283573411 1.2830270528793335 98
1672283573496 1.2984631061553955 99
