1670794583203 22.931194305419922 0
1670794583308 22.093223571777344 1
1670794583406 21.23236083984375 2
1670794583497 20.41876792907715 3
1670794583601 19.59918975830078 4
1670794583680 18.777053833007812 5
1670794583770 17.96369743347168 6
1670794583858 17.14458465576172 7
1670794584004 16.32254409790039 8
1670794584105 15.512286186218262 9
1670794584193 14.722063064575195 10
1670794584288 13.929817199707031 11
1670794584391 13.083593368530273 12
1670794584495 12.27743148803711 13
1670794584588 11.482583045959473 14
1670794584676 10.687226295471191 15
1670794584765 9.886425018310547 16
1670794584858 9.101284980773926 17
1670794584957 8.350369453430176 18
1670794585044 7.69632625579834 19
1670794585135 6.994813919067383 20
1670794585222 6.3539204597473145 21
1670794585322 5.807342529296875 22
1670794585422 5.3388166427612305 23
1670794585515 4.853809356689453 24
1670794585605 4.420905113220215 25
1670794585696 3.971188545227051 26
1670794585788 3.547067403793335 27
1670794585878 3.1803362369537354 28
1670794585973 2.9560787677764893 29
1670794586068 2.8225185871124268 30
1670794586157 2.6879024505615234 31
1670794586250 2.6052119731903076 32
1670794586359 2.5503976345062256 33
1670794586466 2.5247297286987305 34
1670794586559 2.5305368900299072 35
1670794586646 2.5739645957946777 36
1670794586748 2.552189588546753 37
1670794586851 2.4894070625305176 38
1670794586945 2.496739149093628 39
1670794587048 2.552574872970581 40
1670794587141 2.4977152347564697 41
1670794587230 2.4821970462799072 42
1670794587320 2.50038480758667 43
1670794587417 2.4873545169830322 44
1670794587508 2.4795315265655518 45
1670794587616 2.473116397857666 46
1670794587709 2.50551700592041 47
1670794587807 2.5343356132507324 48
1670794587902 2.5256776809692383 49
1670794587992 2.5023586750030518 50
1670794588075 2.5018410682678223 51
1670794588161 2.467223644256592 52
1670794588246 2.4849674701690674 53
1670794588333 2.4750943183898926 54
1670794588481 2.4847192764282227 55
1670794588607 2.4725840091705322 56
1670794588695 2.4786489009857178 57
1670794588791 2.4971566200256348 58
1670794588885 2.4765589237213135 59
1670794588980 2.475893259048462 60
1670794589085 2.4802732467651367 61
1670794589184 2.4726219177246094 62
1670794589283 2.4730513095855713 63
1670794589370 2.468942165374756 64
1670794589486 2.4647443294525146 65
1670794589590 2.479214906692505 66
1670794589701 2.480116128921509 67
1670794589814 2.4725916385650635 68
1670794589916 2.4699156284332275 69
1670794590012 2.476341724395752 70
1670794590117 2.487426519393921 71
1670794590211 2.488281726837158 72
1670794590303 2.477350950241089 73
1670794590404 2.4744913578033447 74
1670794590501 2.4794299602508545 75
1670794590596 2.475023031234741 76
1670794590691 2.5009043216705322 77
1670794590785 2.487445831298828 78
1670794590888 2.499497175216675 79
1670794590988 2.475465774536133 80
1670794591090 2.466452121734619 81
1670794591200 2.486942768096924 82
1670794591312 2.490115165710449 83
1670794591400 2.489366054534912 84
1670794591506 2.509078025817871 85
1670794591607 2.4791436195373535 86
1670794591738 2.4890012741088867 87
1670794591838 2.473365545272827 88
1670794591932 2.471663475036621 89
1670794592036 2.4676294326782227 90
1670794592135 2.47464919090271 91
1670794592230 2.4812915325164795 92
1670794592328 2.4888060092926025 93
1670794592420 2.4877936840057373 94
1670794592516 2.4691874980926514 95
1670794592621 2.4754865169525146 96
1670794592730 2.4725687503814697 97
1670794592833 2.4746577739715576 98
1670794592934 2.483403444290161 99
