1672275727350 22.916242599487305 0
1672275727428 22.04613494873047 1
1672275727497 21.205848693847656 2
1672275727573 20.390430450439453 3
1672275727643 19.575584411621094 4
1672275727716 18.764678955078125 5
1672275727786 17.93939971923828 6
1672275727859 17.12835121154785 7
1672275727930 16.294692993164062 8
1672275728003 15.503520965576172 9
1672275728074 14.680148124694824 10
1672275728150 13.875809669494629 11
1672275728223 13.052896499633789 12
1672275728292 12.249998092651367 13
1672275728363 11.469324111938477 14
1672275728447 10.650141716003418 15
1672275728522 9.857332229614258 16
1672275728595 9.08910083770752 17
1672275728673 8.311676979064941 18
1672275728750 7.580042839050293 19
1672275728821 6.9330902099609375 20
1672275728894 6.320199489593506 21
1672275728966 5.787491321563721 22
1672275729052 5.299660682678223 23
1672275729138 4.846770286560059 24
1672275729235 4.443770408630371 25
1672275729325 3.9929730892181396 26
1672275729406 3.5660111904144287 27
1672275729479 3.2022507190704346 28
1672275729557 2.9596378803253174 29
1672275729626 2.772366762161255 30
1672275729698 2.677110195159912 31
1672275729770 2.5977730751037598 32
1672275729840 2.5557734966278076 33
1672275729910 2.5221869945526123 34
1672275729981 2.5352137088775635 35
1672275730051 2.50608229637146 36
1672275730122 2.511232614517212 37
1672275730198 2.4998574256896973 38
1672275730266 2.512760877609253 39
1672275730338 2.4902749061584473 40
1672275730406 2.498424530029297 41
1672275730476 2.4766488075256348 42
1672275730554 2.487529993057251 43
1672275730624 2.479781150817871 44
1672275730703 2.490309715270996 45
1672275730776 2.488510847091675 46
1672275730848 2.49926495552063 47
1672275730921 2.4883317947387695 48
1672275730993 2.516185760498047 49
1672275731064 2.4814651012420654 50
1672275731134 2.477074384689331 51
1672275731209 2.4698123931884766 52
1672275731280 2.4774491786956787 53
1672275731352 2.4737939834594727 54
1672275731425 2.4762980937957764 55
1672275731498 2.4834487438201904 56
1672275731576 2.510711908340454 57
1672275731648 2.4716434478759766 58
1672275731718 2.4699182510375977 59
1672275731789 2.4832324981689453 60
1672275731864 2.4870340824127197 61
1672275731934 2.4716708660125732 62
1672275732003 2.4721884727478027 63
1672275732073 2.472036600112915 64
1672275732145 2.47039532661438 65
1672275732216 2.4654626846313477 66
1672275732288 2.469963788986206 67
1672275732364 2.473015069961548 68
1672275732436 2.4658710956573486 69
1672275732517 2.4881160259246826 70
1672275732586 2.483424663543701 71
1672275732658 2.476149797439575 72
1672275732728 2.483950138092041 73
1672275732801 2.47481369972229 74
1672275732875 2.4650280475616455 75
1672275732946 2.4932966232299805 76
1672275733019 2.4719560146331787 77
1672275733092 2.508612871170044 78
1672275733163 2.4810848236083984 79
1672275733235 2.4790706634521484 80
1672275733307 2.4639909267425537 81
1672275733381 2.484349250793457 82
1672275733452 2.504216194152832 83
1672275733528 2.4697933197021484 84
1672275733600 2.472280502319336 85
1672275733670 2.4922757148742676 86
1672275733741 2.477599859237671 87
1672275733813 2.478355884552002 88
1672275733889 2.480801820755005 89
1672275733961 2.463388442993164 90
1672275734043 2.4828426837921143 91
1672275734116 2.479849100112915 92
1672275734187 2.4904582500457764 93
1672275734257 2.464223623275757 94
1672275734330 2.475255250930786 95
1672275734402 2.4751217365264893 96
1672275734474 2.502922534942627 97
1672275734549 2.4850969314575195 98
1672275734628 2.4785759449005127 99
