1672276203817 22.9005184173584 0
1672276203963 22.167171478271484 1
1672276204072 21.36758041381836 2
1672276204176 20.386859893798828 3
1672276204276 19.12742805480957 4
1672276204369 17.436620712280273 5
1672276204483 15.19791316986084 6
1672276204568 12.56983757019043 7
1672276204672 9.896727561950684 8
1672276204775 7.116309642791748 9
1672276204878 5.8650007247924805 10
1672276204984 5.228830814361572 11
1672276205091 4.185384273529053 12
1672276205185 3.573179244995117 13
1672276205280 3.1329174041748047 14
1672276205365 2.841615676879883 15
1672276205453 2.6235203742980957 16
1672276205568 2.444319248199463 17
1672276205654 2.304220676422119 18
1672276205747 2.2374985218048096 19
1672276205850 2.1674718856811523 20
1672276205954 2.1154263019561768 21
1672276206073 2.0672123432159424 22
1672276206156 2.0392723083496094 23
1672276206253 2.019374132156372 24
1672276206351 1.9939624071121216 25
1672276206459 1.9811807870864868 26
1672276206566 1.9691592454910278 27
1672276206665 1.9446865320205688 28
1672276206776 1.9400346279144287 29
1672276206873 1.9321634769439697 30
1672276206994 1.9110203981399536 31
1672276207117 1.9134293794631958 32
1672276207228 1.901949405670166 33
1672276207315 1.8843704462051392 34
1672276207453 1.8666102886199951 35
1672276207538 1.8768812417984009 36
1672276207638 1.8544846773147583 37
1672276207742 1.8435640335083008 38
1672276207876 1.8473156690597534 39
1672276208021 1.8341509103775024 40
1672276208166 1.8334754705429077 41
1672276208263 1.8236370086669922 42
1672276208375 1.7993429899215698 43
1672276208461 1.8038032054901123 44
1672276208563 1.80221688747406 45
1672276208651 1.8026469945907593 46
1672276208728 1.813879132270813 47
1672276208818 1.7922457456588745 48
1672276208923 1.7835654020309448 49
1672276209018 1.7913479804992676 50
1672276209112 1.7925388813018799 51
1672276209198 1.784231424331665 52
1672276209274 1.7571682929992676 53
1672276209361 1.7635550498962402 54
1672276209443 1.7503166198730469 55
1672276209522 1.7693827152252197 56
1672276209599 1.7274796962738037 57
1672276209677 1.7629691362380981 58
1672276209757 1.7326618432998657 59
1672276209838 1.738440752029419 60
1672276209935 1.7284859418869019 61
1672276210019 1.7249691486358643 62
1672276210110 1.7084399461746216 63
1672276210197 1.7171450853347778 64
1672276210283 1.7163726091384888 65
1672276210369 1.7048892974853516 66
1672276210459 1.6917635202407837 67
1672276210544 1.6838488578796387 68
1672276210622 1.7010540962219238 69
1672276210709 1.6983494758605957 70
1672276210795 1.6960070133209229 71
1672276210874 1.673812985420227 72
1672276210964 1.6693358421325684 73
1672276211064 1.677794337272644 74
1672276211174 1.6636470556259155 75
1672276211267 1.6603152751922607 76
1672276211360 1.6618458032608032 77
1672276211456 1.6696721315383911 78
1672276211544 1.6694653034210205 79
1672276211636 1.677969217300415 80
1672276211734 1.6866780519485474 81
1672276211819 1.6658915281295776 82
1672276211915 1.6648133993148804 83
1672276212003 1.682909369468689 84
1672276212091 1.6432735919952393 85
1672276212174 1.6322393417358398 86
1672276212260 1.6350618600845337 87
1672276212342 1.630309820175171 88
1672276212436 1.6484179496765137 89
1672276212521 1.6238206624984741 90
1672276212625 1.6301671266555786 91
1672276212709 1.6277903318405151 92
1672276212815 1.642164945602417 93
1672276212909 1.6368157863616943 94
1672276212996 1.61921226978302 95
1672276213082 1.619017481803894 96
1672276213168 1.6231505870819092 97
1672276213258 1.6078695058822632 98
1672276213341 1.6016780138015747 99
