1672283823077 23.097219467163086 0
1672283823169 22.605449676513672 1
1672283823250 22.088634490966797 2
1672283823340 21.500038146972656 3
1672283823430 20.79770278930664 4
1672283823532 19.931503295898438 5
1672283823617 18.87384033203125 6
1672283823708 17.50031089782715 7
1672283823800 15.822616577148438 8
1672283823887 13.782822608947754 9
1672283823987 11.385884284973145 10
1672283824073 8.793035507202148 11
1672283824160 6.445040225982666 12
1672283824242 4.306280136108398 13
1672283824336 3.114778518676758 14
1672283824425 2.789008378982544 15
1672283824520 2.701594114303589 16
1672283824600 2.5709481239318848 17
1672283824688 2.4958438873291016 18
1672283824765 2.4239401817321777 19
1672283824847 2.3556647300720215 20
1672283824931 2.3005692958831787 21
1672283825013 2.263909339904785 22
1672283825092 2.242687225341797 23
1672283825178 2.2498648166656494 24
1672283825261 2.206193447113037 25
1672283825345 2.1983375549316406 26
1672283825434 2.1650071144104004 27
1672283825521 2.1420888900756836 28
1672283825608 2.140213966369629 29
1672283825695 2.1320667266845703 30
1672283825784 2.129317283630371 31
1672283825864 2.1042511463165283 32
1672283825942 2.0947649478912354 33
1672283826027 2.0784058570861816 34
1672283826117 2.0760090351104736 35
1672283826197 2.0553884506225586 36
1672283826291 2.0570690631866455 37
1672283826384 2.0546178817749023 38
1672283826482 2.0279221534729004 39
1672283826583 2.0927016735076904 40
1672283826679 2.0286364555358887 41
1672283826761 2.07706356048584 42
1672283826858 2.0224556922912598 43
1672283826941 2.003493070602417 44
1672283827029 1.9884033203125 45
1672283827117 2.0112457275390625 46
1672283827201 1.9867000579833984 47
1672283827289 1.9920117855072021 48
1672283827372 1.9799467325210571 49
1672283827462 1.982146143913269 50
1672283827541 1.988543152809143 51
1672283827625 1.9616156816482544 52
1672283827706 1.9645106792449951 53
1672283827789 2.0316410064697266 54
1672283827866 1.950405478477478 55
1672283827946 1.9727208614349365 56
1672283828036 1.9503096342086792 57
1672283828123 1.9460110664367676 58
1672283828205 1.969170331954956 59
1672283828288 2.037415027618408 60
1672283828366 2.037776470184326 61
1672283828454 1.9974414110183716 62
1672283828539 1.9788382053375244 63
1672283828623 1.9127219915390015 64
1672283828705 1.9090821743011475 65
1672283828786 1.9310380220413208 66
1672283828868 1.9140182733535767 67
1672283828956 1.9128984212875366 68
1672283829050 1.9006035327911377 69
1672283829141 1.8946893215179443 70
1672283829229 1.8987224102020264 71
1672283829316 1.8997377157211304 72
1672283829409 1.887770414352417 73
1672283829503 1.8870772123336792 74
1672283829591 1.9234663248062134 75
1672283829689 1.950186014175415 76
1672283829773 1.910573124885559 77
1672283829867 1.9452530145645142 78
1672283829951 1.8764785528182983 79
1672283830032 1.8733420372009277 80
1672283830116 1.889255166053772 81
1672283830206 1.880269169807434 82
1672283830290 1.8809303045272827 83
1672283830371 1.8681062459945679 84
1672283830467 1.9396543502807617 85
1672283830558 1.9326764345169067 86
1672283830674 1.8961347341537476 87
1672283830772 1.888890027999878 88
1672283830863 1.864347219467163 89
1672283830949 1.836261510848999 90
1672283831036 1.8850065469741821 91
1672283831155 1.8379822969436646 92
1672283831250 1.8551429510116577 93
1672283831359 1.8309389352798462 94
1672283831498 1.8597859144210815 95
1672283831613 1.853617548942566 96
1672283831711 1.8906456232070923 97
1672283831805 1.8371282815933228 98
1672283831884 1.8251469135284424 99
