1672283736103 1.2812329530715942 0
1672283736188 1.2472165822982788 1
1672283736272 1.2535526752471924 2
1672283736361 1.250801920890808 3
1672283736445 1.2533705234527588 4
1672283736529 1.2648862600326538 5
1672283736623 1.2752177715301514 6
1672283736715 1.277768850326538 7
1672283736797 1.2501957416534424 8
1672283736876 1.3097922801971436 9
1672283736967 1.3216462135314941 10
1672283737071 1.3091868162155151 11
1672283737175 1.3053226470947266 12
1672283737279 1.2860387563705444 13
1672283737388 1.2997174263000488 14
1672283737469 1.2738374471664429 15
1672283737553 1.2795721292495728 16
1672283737645 1.2706432342529297 17
1672283737735 1.272412657737732 18
1672283737818 1.2467291355133057 19
1672283737911 1.2565306425094604 20
1672283738002 1.2563048601150513 21
1672283738080 1.2537823915481567 22
1672283738158 1.2666372060775757 23
1672283738240 1.2690471410751343 24
1672283738324 1.237747073173523 25
1672283738409 1.235681176185608 26
1672283738489 1.2392897605895996 27
1672283738563 1.2508490085601807 28
1672283738639 1.3123760223388672 29
1672283738722 1.3298206329345703 30
1672283738800 1.2526650428771973 31
1672283738889 1.2503397464752197 32
1672283738973 1.2428085803985596 33
1672283739060 1.2671382427215576 34
1672283739139 1.2321267127990723 35
1672283739220 1.2367664575576782 36
1672283739304 1.2302591800689697 37
1672283739393 1.2498728036880493 38
1672283739482 1.2468806505203247 39
1672283739571 1.2686082124710083 40
1672283739677 1.2686362266540527 41
1672283739771 1.2526514530181885 42
1672283739851 1.2699424028396606 43
1672283739941 1.2240310907363892 44
1672283740027 1.240109920501709 45
1672283740115 1.245459794998169 46
1672283740212 1.2290654182434082 47
1672283740301 1.2201709747314453 48
1672283740388 1.244728922843933 49
1672283740473 1.215531587600708 50
1672283740551 1.2203285694122314 51
1672283740628 1.243569016456604 52
1672283740717 1.2201189994812012 53
1672283740815 1.249742031097412 54
1672283740904 1.2494162321090698 55
1672283740989 1.265405297279358 56
1672283741066 1.2180362939834595 57
1672283741147 1.2266100645065308 58
1672283741227 1.2253724336624146 59
1672283741317 1.2586532831192017 60
1672283741406 1.2330268621444702 61
1672283741486 1.2355424165725708 62
1672283741589 1.250246524810791 63
1672283741674 1.2080491781234741 64
1672283741757 1.2199294567108154 65
1672283741845 1.2213994264602661 66
1672283742003 1.236965298652649 67
1672283742100 1.2063509225845337 68
1672283742184 1.2286741733551025 69
1672283742274 1.2526437044143677 70
1672283742363 1.2323493957519531 71
1672283742448 1.2746585607528687 72
1672283742564 1.2536197900772095 73
1672283742674 1.247989296913147 74
1672283742778 1.226314902305603 75
1672283742860 1.2109662294387817 76
1672283742939 1.1967021226882935 77
1672283743022 1.2049075365066528 78
1672283743105 1.1884938478469849 79
1672283743183 1.196731686592102 80
1672283743266 1.2024574279785156 81
1672283743365 1.1979538202285767 82
1672283743449 1.2133612632751465 83
1672283743528 1.1977145671844482 84
1672283743610 1.1955373287200928 85
1672283743694 1.2121295928955078 86
1672283743773 1.225677728652954 87
1672283743864 1.231669306755066 88
1672283743946 1.238849401473999 89
1672283744027 1.238635540008545 90
1672283744135 1.2725633382797241 91
1672283744223 1.257477879524231 92
1672283744311 1.243186593055725 93
1672283744403 1.2360591888427734 94
1672283744494 1.2378361225128174 95
1672283744575 1.2657105922698975 96
1672283744679 1.2142574787139893 97
1672283744777 1.2271207571029663 98
1672283744858 1.2107322216033936 99
